388b83e4b434a13b679b0bad237fb5fabe1a0c54: [29.869861328482664, 47.98291644929511]
aaa51527e6254b04dd1d25004e6da3e6db651e4e: [7.557350747478539, 11.924593696965905]
f952e21004726cf7d2b2c5aa400a566e2b2a6aae: [8.398993436629553, 15.06072878559267]
